Fault Name: sumani
Fault ID:          1
Fault Region: active shallow crust
Simple Fault Typology
Trace:
   100.44384,     -0.50289
   100.45977,     -0.50896
   100.47948,     -0.52489
   100.47948,     -0.53550
   100.47721,     -0.54688
   100.47873,     -0.57494
   100.49389,     -0.60603
   100.53939,     -0.66518
   100.58868,     -0.71371
   100.63039,     -0.78120
   100.63949,     -0.80016
   100.67513,     -0.88509
   100.72291,     -0.95107
   100.74945,     -1.00718
Upper Seismogenic Depth:      0.00000
Lower Seismogenic Depth:     25.00000
Dip:     90.0
Rake:      0.0
Occurrence Rate Mmin:     6.80, binSize:    0.100
0.0109141217272, 0.00772660646702, 0.00547001847592, 0.00387247652053, 0.00274150342784, 0.00194083579461
Occurrence Rate Mmin:     4.50, binSize:    0.100
0.482759733732, 0.401542056665, 0.333988135308, 0.277799230928, 0.231063335926, 0.192190111653, 0.159856772037, 0.132963071546, 0.110593865807, 0.0919879708841, 0.0765122615586, 0.0636401272096, 0.0529335522013, 0.0440282109968, 0.0366210708136, 0.0304600799618, 0.0253355909771, 0.0210732266942, 0.0175279465045, 0.0145791108842, 0.0121263762484, 0.0100862804382, 0.00838940265366, 0.00697800118851, 0.00580404858331
Occurrence Rate Mmin:     4.50, binSize:    0.100
0.482759733732, 0.401542056665, 0.333988135308, 0.277799230928, 0.231063335926, 0.192190111653, 0.159856772037, 0.132963071546, 0.110593865807, 0.0919879708841, 0.0765122615586, 0.0636401272096, 0.0529335522013, 0.0440282109968, 0.0366210708136, 0.0304600799618, 0.0253355909771, 0.0210732266942, 0.0175279465045, 0.0145791108842, 0.0121263762484, 0.0100862804382, 0.00838940265366, 0.00697800118851, 0.00580404858331
Occurrence Rate Mmin:     4.50, binSize:    0.100
0.8961355408, 0.7438523963, 0.617188793756, 0.511834598042, 0.424204794914, 0.351317499402, 0.290692487623, 0.240266799202, 0.19832453844, 0.16343848546, 0.134421530475, 0.110286278571, 0.0902114504301, 0.0735139356717, 0.0596255478282, 0.048073689981, 0.0384652731347, 0.0304733401043, 0.0238259397486, 0.0182968729607, 0.0136979955185, 0.0098728158743, 0.00669117002832, 0.00404479228116, 0.00184363114642
Occurrence Rate Mmin:     4.50, binSize:    0.100
1.64344875725, 1.36696113595, 1.13698874939, 0.94570604989, 0.786604030411, 0.6542687347, 0.544197030088, 0.452643373969, 0.376492359697, 0.313152704893, 0.260469074753, 0.216648739872, 0.180200572881, 0.149884308054, 0.124668337296, 0.103694606367, 0.0862494168344, 0.0717391402016, 0.0596700177898, 0.0496313590186, 0.0412815663422, 0.260469074753, 0.260469074753, 0.260469074753, 0.260469074753, 0.260469074753
